Öğrenci No Midterm 1
202301104 15
202301105 34
202301106 0
260102012
260203038 58
260205025 11
260205037 25
270102017 35
270102024 21
270104042 59
270105035
270202073
270208007
270209037
270211020 11
270211027 0
270211037 9
280102018
280102020 8
280102021 36
280102033 21
280104008
280104019
280104038 52
280104058 40
280104063
280104073
280105007 9
280105009
280105011 18
280105026 0
280201019 59
280202064
280202075
280203041 27
280205034 24
280205057 60
280206038 22
280206059
280209003 9
280209021 5
280209034 24
280209040 25
280210013
280210023
280211032 14
280211044 25
280211051
290102010 21
290102016 30
290102023 1
290102026 54
290102038 62
290102046 27
290102047
290102048 21
290102049 3
290102051 0
290102056 84
290104006 75
290104009 34
290104029 49
290104036 43
290104047 8
290104069 32
290104070
290105015 45
290105017
290105027
290105028
290105029 27
290105030 0
290105035 48
290105037 23
290105039
290105040
290201007 69
290201048 106
290201087 50
290202053
290202070 27
290203048 34
290203051 26
290203056
290204066 15
290204071 70
290204082 23
290205023 44
290205030 44
290205034 5
290205044 2
290205048 31
290205055
290205061 73
290206058 33
290206060
290206061 5
290208019 33
290208020 9
290208032 59
290209012 53
290209013
290209041
290210030 39
290210034
290210039 12
290210056 13
290211001
290211006
290211011 22
290211012
290211016
290211018 31
290211034
290211035 31
290211036 55
290211038 44
290211039
290211042 26
290211043 7
290211046 37
290211049
300102011 39
300102015 18
300102017
300102019 32
300102020
300102021
300102022 40
300102025 44
300102026 35
300102028 58
300102031 0
300102033 8
300102035 25
300102038 34
300102039 13
300102040 99
300102043 3
300102045
300102047 42
300102050 75
300102051 19
300102052
300102055 78
300102056 12
300102059 9
300102060 17
300102061 5
300102063 0
300102066 3
300102067 5
300104006 70
300104015 57
300104019 50
300104022 38
300104023 5
300104026 43
300104032 87
300104033 18
300104057 44
300105004
300105007 24
300105008 12
300105010 41
300105011 59
300105012
300105014
300105016 22
300105018 25
300105019 54
300105020 6
300105021
300105022 45
300105024 5
300105027 38
300105035 0
300105037
300105038 64
300105039 66
300105040 37
300105041 0
300105046 22
300201012 112
300201069 106
300201082
300201086
300201089 111
300201102 51
300201132 24
300202013 0
300202014 52
300202022 47
300202023 59
300202030 66
300202032 27
300202043 41
300202050 15
300202059 43
300202066 0
300202068 0
300203004
300203010 101
300203019 30
300203025 101
300203029 21
300203042 20
300203043 76
300203045 34
300203060 61
300203065 89
300203069 18
300203071
300203078 26
300203080 54
300203085
300203105 11
300204006 19
300204013 46
300204015 51
300204018 37
300204021 54
300204046 54
300204055 9
300204063 82
300204073 38
300204076 28
300204080
300204087 8
300205003 50
300205006
300205012 23
300205021 7
300205022 21
300205026 47
300205030 23
300205031 28
300205033 56
300205034 53
300205037 77
300205040 43
300205044 28
300205045 1
300205046 55
300205053 20
300205062
300205063 38
300206027 72
300206045 74
300206049 99
300206053
300206069 89
300206076 5
300206077 14
300206091 25
300208011 70
300208029 50
300208037 21
300208039 33
300208041 0
300208043 30
300208050
300208058 19
300208069 7
300209001 11
300209004 31
300209009 40
300209014 69
300209016 7
300209018 73
300209031 18
300209032 25
300209033
300209037
300209041 35
300209042 17
300210007 78
300210009
300210013 83
300210031 56
300210033 48
300210037 42
300210046 32
300210047 59
300211001 33
300211003 36
300211004
300211007 26
300211009
300211014 12
300211015 51
300211018 10
300211024
300211025 31
300211026
300211027 23
300211030 7
300211031 25
300211032
300211034
300211039 9
300211041 7
300211042 54
300211043 21
300211044 0
300211045 0
300211047 25
300211050 13
310102002 27
310102003
310102004 36
310102005 47
310102008 55
310102011 96
310102012 3
310102013 42
310102014 13
310102015 22
310102018 16
310102019 69
310102020 47
310102021 55
310102022 32
310102023 38
310102024 43
310102025 1
310102026 48
310102027 6
310102028 44
310102029 2
310102030 84
310102031 34
310102032 30
310102034 20
310102035
310102036 2
310102037 33
310102038 72
310102039
310102040 25
310102043 19
310102045
310102047
310102049 0
310102050 65
310102051 14
310104001 108
310104002 90
310104004 53
310104005 109
310104008 108
310104009
310104010 57
310104011 88
310104015 98
310104017 40
310104018 96
310104019 37
310104020 94
310104021
310104022 50
310104024 70
310104025 37
310104027 46
310104028 87
310104029 84
310104030 99
310104031 106
310104032 97
310104033
310104037 28
310104039 73
310104040 99
310104050 66
310104053 23
310104056 73
310105002 107
310105004 9
310105005 59
310105006 38
310105007
310105009 41
310105010 32
310105011 54
310105012 18
310105013 43
310105014 87
310105015 0
310105016
310105017 35
310105018 12
310105019 5
310105021 65
310105022 48
310105023 23
310105024 65
310105025 16
310105026 0
310105027 34
310105028
310105030 10
310105031
310105033 3
310105034
310105035 3
310105037 60
310201002 68
310201003 24
310201006 78
310201007 98
310201008 104
310201011 74
310201013 84
310201014 49
310201016 119
310201017 109
310201019 103
310201021
310201022 18
310201023 117
310201024 94
310201025 105
310201026 92
310201028 84
310201029 103
310201031 101
310201032 92
310201033 53
310201035 76
310201037 116
310201038 113
310201040 79
310201041 119
310201044 119
310201046 54
310201047 98
310201048 86
310201049 105
310201052 79
310201053 113
310201055 17
310201056 90
310201057 58
310201058 117
310201059 78
310201061 81
310201062 116
310201064 59
310201065 95
310201066 46
310201067 78
310201068
310201069 94
310201070 44
310201072 84
310201074 117
310201075 79
310201076 110
310201077 116
310201078
310201080 87
310201081 26
310201082 22
310201083 120
310201084 56
310201085 87
310201087 100
310201088 51
310201092 108
310201093 96
310201097
310201098 77
310201115 92
310201116 87
310201119 90
310202003
310202004 57
310202005 42
310202007 108
310202008 3
310202009 54
310202010 116
310202011 39
310202012 67
310202013 82
310202014 63
310202015 39
310202016 34
310202017 72
310202018 56
310202019 66
310202020 86
310202021 117
310202022 69
310202023 96
310202024
310202025 50
310202026
310202027 39
310202028 112
310202029 47
310202030 114
310202031 79
310202032 120
310202035 62
310202037 10
310202038 117
310202039 54
310202040 104
310202041 82
310202048 0
310202052 0
310203001 104
310203002 93
310203004 57
310203005 43
310203006 95
310203008 57
310203009 73
310203010 45
310203011 89
310203012 60
310203013 12
310203015 50
310203016 47
310203017 102
310203018 60
310203019 117
310203020 72
310203021 105
310203022 66
310203023 42
310203025 84
310203027 29
310203029 51
310203030
310203032 100
310203033 26
310203034 55
310203035 86
310203036 66
310203037 22
310203038 20
310203039 66
310203040 105
310203041 70
310203042 37
310203043 30
310203044 67
310203045 64
310203046 100
310203047 57
310203048 49
310203051 97
310203052 54
310203057 73
310203061 59
310203062 8
310203063 61
310203066 65
310204002 41
310204003 22
310204005 35
310204006 17
310204011 13
310204018 36
310204021 4
310204027 40
310204030 68
310204034 4
310204041 37
310204046 43
310204049 71
310204050 58
310205002 81
310205003 25
310205004 88
310205006 22
310205007 0
310205008 19
310205009 26
310205010 11
310205011 2
310205012 99
310205013 74
310205014 69
310205016 49
310205017 70
310205018 79
310205019 36
310205020 44
310205021 86
310205022 48
310205024 28
310205026 54
310205027 38
310205028 110
310205029 76
310205030 31
310205031 49
310205032
310205033 68
310205034 51
310205035 14
310205036 2
310205037 16
310205038 21
310205039 31
310205041 67
310205043 69
310206001 71
310206002 110
310206003 68
310206005 89
310206006 102
310206009 86
310206010 85
310206012 116
310206015 84
310206016 50
310206017 117
310206018 86
310206020 34
310206022 59
310206023 22
310206025 65
310206026 82
310206027 91
310206028 82
310206029 6
310206031 63
310206032 104
310206033 81
310206034 65
310206035 116
310206037 51
310206039 39
310206041 60
310206042 33
310206044 82
310206046 80
310206047 69
310206048 115
310206050 4
310206051 110
310206052 68
310206063
310206064 48
310208001 55
310208003 28
310208005 51
310208006 37
310208007 72
310208008
310208009 32
310208010 42
310208011 15
310208012 62
310208014 16
310208016 54
310208017 22
310208018 37
310208019 91
310208022 21
310208023 4
310208025 45
310208026 5
310208028 86
310208029 51
310208030 43
310208031 50
310208033 1
310208036 99
310208038 71
310208039 20
310208040 5
310208041 75
310208048 28
310209002 38
310209003 77
310209004 42
310209005 52
310209006 111
310209007 41
310209008 64
310209009 73
310209011 74
310209012 67
310209013 98
310209014 31
310209015 60
310209016 44
310209017 109
310209019 61
310209020
310209021 89
310209022 80
310209023 5
310209024 85
310209025 48
310209027 46
310209028 34
310209029 51
310209030 70
310209031 10
310209032 36
310209033 46
310209034 47
310209035 40
310209036 60
310209037 35
310209038
310209039 60
310209040 54
310209041 117
310209042 34
310209043 37
310209048 32
310209049
310210001 76
310210002 29
310210004 56
310210006 54
310210008 86
310210010 12
310210011 106
310210012 14
310210013 82
310210014 41
310210015 87
310210017
310210018 34
310210020 39
310210021 109
310210022 32
310210023 26
310210024 53
310210025 25
310210026 2
310210029 24
310210030 100
310210033 45
310210034 80
310210035 96
310210036 56
310210037 58
310210038 100
310210039 22
310210040 63
310210043 1
310210048 61
310211001 75
310211002 31
310211003 36
310211004 10
310211005 18
310211006
310211009
310211011 7
310211012 13
310211013 44
310211016 4
310211017
310211018 73
310211019 81
310211020 54
310211021 12
310211022 49
310211023 8
310211024
310211025 70
310211026 3
310211027 17
310211028 8
310211029 0
310211031 58
310211033 69
310211034 14
310211036 29
310211037 3
310211040 0
310211041
310211042 34
310211043 53
310211044 82
310211045 3
320102005 26
320102012 99
320102016 31
320102022 23
320102026 4
320102030 67
320102044 25
320102045 44
320102046
320102048
320102049
320104008 97
320104017 106
320104023
320104027 15
320104031 46
320104035 74
320104041 110
320104043 30
320104044 111
320105004 40
320105007 52
320105008 82
320105022 33
320105023
320105034 4
320105037 82
320201003 120
320201006 90
320201008 119
320201009 117
320201012 116
320201016 59
320201024 64
320201026 93
320201027 110
320201030 102
320201031 45
320201033 94
320201036 115
320201039 19
320201041 1
320201044 101
320201046 71
320201048 95
320201055 95
320201057 73
320201061 85
320201063 82
320201066 54
320201068 118
320201077 55
320201079 66
320201080 111
320201081 92
320201087 107
320201088 5
320201091 103
320201095 67
320201096 59
320201107 86
320201110 111
320201112 47
320202002 99
320202006 100
320202008 76
320202009 52
320202014 77
320202015 31
320202024 77
320202026 64
320202030 75
320202036 107
320202046 87
320202049 41
320202054
320202055 90
320202056 4
320202057 39
320203002 84
320203004 85
320203008 91
320203009 66
320203012 18
320203015 71
320203017 89
320203018 55
320203019 53
320203030 57
320203035 87
320203044 84
320203052 66
320203059 30
320203062 56
320203068 0
320203069 38
320203070 70
320204003 26
320204007 15
320204026 44
320204032
320204045 14
320204057 68
320205001 59
320205003 23
320205015 40
320205017 28
320205020 67
320205024 6
320205028 15
320205029 53
320205031 28
320205041 29
320205043 19
320205044 3
320205045
320205046 22
320206003 113
320206004 114
320206005 99
320206008 120
320206009 104
320206013 100
320206014 98
320206016 63
320206022 115
320206025 42
320206027 116
320206030 58
320206031 63
320206036 37
320206038 117
320206042 88
320206048 50
320206051 110
320206055 109
320206059 98
320206062 25
320206067 41
320206069 111
320206070 80
320206071 0
320206072
320208006 63
320208041 50
320208050 62
320208051 84
320209004 54
320209020 52
320209023 46
320209029 51
320209036 112
320209037 32
320209045 70
320209048 51
320209051 30
320209052
320209053 0
320209054
320210001 101
320210009 57
320210010 59
320210015 42
320210018 47
320210021 54
320210022 83
320210027 5
320210037 41
320210047 108
320211003 14
320211010 53
320211016 90
320211020 78
320211023 38
320211027 38