Öğrenci No Midterm 1 Midterm 2
202301104 15 15
202301105 34 10
202301106 0
260102012
260203038 58 0
260205025 11
260205037 25
270102017 35 14
270102024 21 25
270104042 59 53
270105035
270202073
270208007
270209037
270211020 11
270211027 0
270211037 9 0
280102018 1
280102020 8
280102021 36
280102033 21 12
280104008
280104019
280104038 52 20
280104058 40
280104063 0
280104073
280105007 9 10
280105009
280105011 18 14
280105026 0 0
280201019 59 30
280202064 10
280202075
280203041 27 22
280205034 24
280205057 60 57
280206038 22 10
280206059
280209003 9 17
280209021 5
280209034 24 20
280209040 25 13
280210013 11
280210023
280211032 14
280211044 25 0
280211051
290102010 21 0
290102016 30 15
290102023 1
290102026 54 35
290102038 62 54
290102046 27 57
290102047 2
290102048 21 16
290102049 3
290102051 0
290102056 84 42
290104006 75 41
290104009 34
290104029 49 0
290104036 43 19
290104047 8 0
290104069 32 36
290104070
290105015 45
290105017
290105027
290105028
290105029 27 46
290105030 0
290105035 48 64
290105037 23 14
290105039
290105040
290201007 69
290201048 106 27
290201087 50
290202053
290202070 27 9
290203048 34 36
290203051 26 17
290203056 37
290204066 15
290204071 70
290204082 23 20
290205023 44 23
290205030 44 5
290205034 5 30
290205044 2
290205048 31 11
290205055 0
290205061 73 37
290206058 33 32
290206060
290206061 5 0
290208019 33
290208020 9 10
290208032 59 51
290209012 53 26
290209013
290209041
290210030 39 33
290210034
290210039 12 13
290210056 13
290211001
290211006
290211011 22 17
290211012
290211016
290211018 31 0
290211034
290211035 31 52
290211036 55 32
290211038 44
290211039 12
290211042 26 2
290211043 7 9
290211046 37 0
290211049 0
300102011 39
300102015 18 21
300102017
300102019 32 45
300102020
300102021
300102022 44 16
300102025 44 43
300102026 35 42
300102028 59 19
300102031 0 0
300102033 8 2
300102035 25 34
300102038 34 66
300102039 13 6
300102040 99 75
300102043 3
300102045 0
300102047 42 7
300102050 75 65
300102051 19 7
300102052
300102055 78 40
300102056 12 11
300102059 9 6
300102060 17 0
300102061 5 5
300102063 0 0
300102066 3
300102067 5 4
300104006 70 17
300104015 57 18
300104019 50 5
300104022 38 10
300104023 5
300104026 43 4
300104032 87 39
300104033 18 0
300104057 44 23
300105004
300105007 24 0
300105008 12 10
300105010 41 35
300105011 59 10
300105012
300105014
300105016 22 57
300105018 25 5
300105019 54 30
300105020 6 2
300105021
300105022 45 26
300105024 5 12
300105027 38 50
300105035 0 0
300105037
300105038 64 25
300105039 66 25
300105040 37 36
300105041 0 0
300105046 22 7
300201012 112 54
300201069 106 87
300201082 0
300201086
300201089 111 56
300201102 51 30
300201132 24 16
300202013 0
300202014 52 10
300202022 47 24
300202023 59 12
300202030 66 15
300202032 27 15
300202043 41 20
300202050 15 0
300202059 43 20
300202066 0
300202068 0
300203004
300203010 101 55
300203019 30 34
300203025 101 77
300203029 21 3
300203042 20 25
300203043 76 27
300203045 34 50
300203060 61
300203065 89 53
300203069 18 2
300203071 1
300203078 26 2
300203080 54
300203085
300203105 11 24
300204006 19 0
300204013 46 49
300204015 51 5
300204018 37 22
300204021 54 24
300204046 54 18
300204055 9 7
300204063 82 40
300204073 38 2
300204076 28
300204080
300204087 8
300205003 50 27
300205006
300205012 23 21
300205021 7 0
300205022 21
300205026 47 34
300205030 23 0
300205031 28 0
300205033 56 19
300205034 53 15
300205037 77 29
300205040 43
300205044 28 30
300205045 1 10
300205046 57 32
300205053 20 0
300205062
300205063 38 32
300206027 72 65
300206045 74 22
300206049 99
300206053
300206069 89 69
300206076 5 0
300206077 14
300206091 25
300208011 70 50
300208029 50 101
300208037 21 32
300208039 33 2
300208041 0
300208043 30 10
300208050 0
300208058 19 0
300208069 7 2
300209001 11 27
300209004 31
300209009 40 23
300209014 69 15
300209016 7 13
300209018 73 31
300209031 18 44
300209032 25 15
300209033 12
300209037
300209041 35 0
300209042 17
300210007 78 26
300210009 43
300210013 83 38
300210031 56 54
300210033 48 23
300210037 42 19
300210046 32 29
300210047 59 60
300211001 33 25
300211003 36 0
300211004
300211007 26 0
300211009 0
300211014 12 0
300211015 51 6
300211018 10 6
300211024
300211025 31 9
300211026 20
300211027 23 39
300211030 7 37
300211031 25 0
300211032
300211034 10
300211039 9
300211041 7 3
300211042 54
300211043 21 8
300211044 0
300211045 0 1
300211047 25 9
300211050 13 23
310102002 27
310102003
310102004 36 29
310102005 47 1
310102008 55 61
310102011 96 71
310102012 3 0
310102013 42
310102014 13 44
310102015 22 35
310102018 16
310102019 69 11
310102020 47 40
310102021 55 60
310102022 32 30
310102023 38 11
310102024 43 0
310102025 1 2
310102026 48 18
310102027 6 0
310102028 44 27
310102029 2 9
310102030 84 59
310102031 34 26
310102032 30 45
310102034 20 8
310102035 49
310102036 2 7
310102037 33 29
310102038 72 14
310102039
310102040 25 27
310102043 19 0
310102045
310102047 0
310102049 0
310102050 65 52
310102051 14 11
310104001 108 17
310104002 90 31
310104004 53 34
310104005 109 78
310104008 108 54
310104009
310104010 57 24
310104011 88 62
310104015 98 86
310104017 40 28
310104018 96 47
310104019 37 16
310104020 94 74
310104021 0
310104022 50 41
310104024 73 26
310104025 37 48
310104027 46 15
310104028 87 34
310104029 84 33
310104030 99 61
310104031 106 68
310104032 97 44
310104033
310104037 28 20
310104039 78 65
310104040 99 42
310104050 66 10
310104053 23 5
310104056 73 70
310105002 110 97
310105004 9 5
310105005 59 43
310105006 38 28
310105007
310105009 41 44
310105010 32 28
310105011 54 55
310105012 18 14
310105013 43
310105014 87 17
310105015 0 0
310105016
310105017 35 9
310105018 12 2
310105019 5 4
310105021 65 64
310105022 48 22
310105023 23 7
310105024 65 15
310105025 16 16
310105026 0 0
310105027 34 5
310105028 15
310105030 10 10
310105031
310105033 3
310105034
310105035 3 0
310105037 60 43
310201002 68 23
310201003 24 43
310201006 78 29
310201007 98 47
310201008 104 80
310201011 74 56
310201013 84 28
310201014 49 10
310201016 119 64
310201017 109 65
310201019 103 61
310201021 76 67
310201022 18 68
310201023 117 67
310201024 94 85
310201025 105 42
310201026 92 82
310201028 84 65
310201029 103 73
310201031 101 38
310201032 92 90
310201033 53 2
310201035 76 28
310201037 116 75
310201038 113 55
310201040 79 40
310201041 119 67
310201044 119 68
310201046 54 27
310201047 98 64
310201048 86 84
310201049 105 48
310201052 79 75
310201053 113 55
310201055 17 10
310201056 90 22
310201057 58 52
310201058 117 80
310201059 78 41
310201061 81 67
310201062 116 59
310201064 59 32
310201065 95 40
310201066 46 30
310201067 78 43
310201068
310201069 94 37
310201070 44 38
310201072 84 70
310201074 117 80
310201075 79 19
310201076 110 68
310201077 116 57
310201078 90
310201080 87 39
310201081 26 36
310201082 22 11
310201083 120 110
310201084 56 40
310201085 87 44
310201087 100 42
310201088 51 66
310201092 108 60
310201093 96 81
310201097
310201098 77 57
310201115 92 78
310201116 87 70
310201119 90 91
310202003
310202004 57 56
310202005 42 45
310202007 108 88
310202008 3 0
310202009 54 32
310202010 116 63
310202011 39 38
310202012 67 58
310202013 82 35
310202014 63 18
310202015 39 7
310202016 34
310202017 72 28
310202018 56 25
310202019 66 14
310202020 86 76
310202021 117 90
310202022 69 5
310202023 96 71
310202024 35
310202025 50 23
310202026 25
310202027 39 10
310202028 112 53
310202029 47 62
310202030 114 95
310202031 79 37
310202032 120 86
310202035 62 63
310202037 10 15
310202038 117 96
310202039 54 23
310202040 104 55
310202041 82 100
310202048 0 0
310202052 0 0
310203001 104 55
310203002 93 84
310203004 57 32
310203005 43 52
310203006 95 86
310203008 57 14
310203009 73 37
310203010 45 25
310203011 89 75
310203012 60 82
310203013 12 23
310203015 50 57
310203016 47 21
310203017 102 82
310203018 60 47
310203019 117 27
310203020 72 32
310203021 105 111
310203022 66 54
310203023 42 9
310203025 84 39
310203027 29 54
310203029 51 33
310203030
310203032 100 73
310203033 26 49
310203034 55 29
310203035 86 61
310203036 66 45
310203037 22 42
310203038 20 0
310203039 66 17
310203040 105 93
310203041 70 7
310203042 37
310203043 30 16
310203044 67 31
310203045 64 19
310203046 100 66
310203047 57 26
310203048 49 30
310203051 97 74
310203052 54 13
310203057 73 75
310203061 59 44
310203062 8 0
310203063 61 42
310203066 65 59
310204002 41 70
310204003 22 3
310204005 35 27
310204006 17
310204011 13
310204018 36 31
310204021 4 37
310204027 40 51
310204030 68
310204034 4 20
310204041 37 36
310204046 43 37
310204049 71 52
310204050 58 15
310205002 81 37
310205003 25 0
310205004 88 35
310205006 22
310205007 0 0
310205008 19 7
310205009 26 3
310205010 11 15
310205011 2 35
310205012 99 82
310205013 74 50
310205014 69 8
310205016 49 12
310205017 70 8
310205018 79 67
310205019 36 18
310205020 44 9
310205021 86 56
310205022 48 34
310205024 28
310205026 54 50
310205027 38 40
310205028 110 56
310205029 76 30
310205030 31 16
310205031 49 32
310205032 4
310205033 68 49
310205034 51 47
310205035 14
310205036 2 0
310205037 16 36
310205038 21 32
310205039 31 38
310205041 67 50
310205043 69 36
310206001 71 25
310206002 110 82
310206003 68 85
310206005 89 44
310206006 102 80
310206009 86 70
310206010 85 47
310206012 116 98
310206015 84 30
310206016 50
310206017 117 103
310206018 86 64
310206020 34 34
310206022 59 14
310206023 22 34
310206025 65 83
310206026 82 45
310206027 91 79
310206028 82 77
310206029 6 0
310206031 63 54
310206032 104 65
310206033 81 33
310206034 65 35
310206035 116 93
310206037 51 45
310206039 39 32
310206041 60 32
310206042 33 24
310206044 96 70
310206046 80 76
310206047 69 2
310206048 115 75
310206050 4 0
310206051 110 53
310206052 68 27
310206063
310206064 48 11
310208001 55 21
310208003 28 53
310208005 51 65
310208006 37 23
310208007 72 19
310208008
310208009 32 33
310208010 42 34
310208011 15 32
310208012 62 38
310208014 16 30
310208016 54 7
310208017 22 34
310208018 37 37
310208019 95 64
310208022 21 27
310208023 4 1
310208025 45 20
310208026 5 5
310208028 86 82
310208029 51 40
310208030 43 10
310208031 50 59
310208033 1
310208036 99 69
310208038 71 56
310208039 20 26
310208040 5 5
310208041 75 54
310208048 28 33
310209002 38 25
310209003 91 71
310209004 42
310209005 52 37
310209006 111 55
310209007 41 16
310209008 64 37
310209009 73 82
310209011 74 24
310209012 67 18
310209013 98 47
310209014 31
310209015 60 28
310209016 44 53
310209017 109 68
310209019 61 43
310209020 33
310209021 89 60
310209022 80 26
310209023 5 10
310209024 85 33
310209025 48 13
310209027 46 12
310209028 34 51
310209029 51 33
310209030 70 19
310209031 10
310209032 36 7
310209033 46 5
310209034 47 36
310209035 40 45
310209036 60 43
310209037 35 42
310209038
310209039 60 34
310209040 54 47
310209041 117 50
310209042 34 18
310209043 37 50
310209048 32 0
310209049
310210001 76 65
310210002 29 7
310210004 56 76
310210006 54 52
310210008 86 27
310210010 12 5
310210011 106 77
310210012 14
310210013 82 77
310210014 41 73
310210015 87 67
310210017
310210018 34 63
310210020 39 5
310210021 109 64
310210022 32 10
310210023 26 37
310210024 58 7
310210025 25 17
310210026 2 0
310210029 24 14
310210030 100 60
310210033 45 7
310210034 80 0
310210035 109 57
310210036 56 29
310210037 58 27
310210038 100 69
310210039 22 21
310210040 63 9
310210043 1
310210048 61
310211001 75 28
310211002 31 24
310211003 36
310211004 10
310211005 18 8
310211006 16
310211009
310211011 7 2
310211012 13 8
310211013 44 0
310211016 4 3
310211017
310211018 73 56
310211019 81 35
310211020 54 17
310211021 12
310211022 49 20
310211023 8 0
310211024
310211025 70 45
310211026 3 0
310211027 17 9
310211028 8 0
310211029 0 0
310211031 58 50
310211033 69 24
310211034 14
310211036 29 35
310211037 3 0
310211040 0
310211041
310211042 34 5
310211043 53 53
310211044 82 52
310211045 3 5
320102005 26 11
320102012 102 72
320102016 31
320102022 23 16
320102026 4 34
320102030 67 11
320102044 25
320102045 44 9
320102046
320102048
320102049
320104008 97 30
320104017 106 71
320104023
320104027 15 49
320104031 46 42
320104035 74 60
320104041 110 53
320104043 30 5
320104044 111 69
320105004 40
320105007 52 45
320105008 82 55
320105022 33 8
320105023
320105034 4 5
320105037 82 37
320201003 120 46
320201006 90 62
320201008 119 78
320201009 117 92
320201012 116 39
320201016 59 32
320201024 64 35
320201026 93 68
320201027 116 106
320201030 102 105
320201031 45 55
320201033 94 70
320201036 115 40
320201039 19 27
320201041 1
320201044 101 105
320201046 71 37
320201048 95 85
320201055 95 60
320201057 73 39
320201061 85 15
320201063 82 35
320201066 54 27
320201068 118 89
320201077 55 60
320201079 66 8
320201080 111 84
320201081 92 65
320201087 107 46
320201088 5
320201091 103 35
320201095 67 25
320201096 59 41
320201107 86 95
320201110 111 40
320201112 47 27
320202002 99 74
320202006 100 36
320202008 76 9
320202009 52 47
320202014 77 38
320202015 31 43
320202024 77 47
320202026 64 12
320202030 75 32
320202036 107 49
320202046 87 62
320202049 41 9
320202054 4
320202055 90 31
320202056 4 2
320202057 39
320203002 84 43
320203004 85 47
320203008 91 27
320203009 66 79
320203012 18 14
320203015 71 45
320203017 89 57
320203018 55 42
320203019 53 17
320203030 57 22
320203035 87 38
320203044 84 57
320203052 66 58
320203059 30 8
320203062 56 9
320203068 0 0
320203069 38 29
320203070 70 23
320204003 26 17
320204007 15
320204026 44 7
320204032
320204045 14 15
320204057 68 54
320205001 59 40
320205003 23
320205015 40 41
320205017 28
320205020 67 20
320205024 6 0
320205028 15 2
320205029 53 13
320205031 28 15
320205041 29 9
320205043 19 0
320205044 3 0
320205045
320205046 22 0
320206003 113 100
320206004 114 100
320206005 99 58
320206008 120 108
320206009 104 92
320206013 100 14
320206014 98 80
320206016 63 53
320206022 115 50
320206025 42 32
320206027 116 94
320206030 58 9
320206031 63 13
320206036 37 19
320206038 117 62
320206042 88 2
320206048 50 27
320206051 110 35
320206055 109 75
320206059 98 30
320206062 25 18
320206067 41 3
320206069 111 55
320206070 80 30
320206071 0 0
320206072
320208006 63 10
320208041 50 8
320208050 62 26
320208051 84 21
320209004 54 32
320209020 52 10
320209023 60 0
320209029 51 13
320209036 112 91
320209037 32 10
320209045 70 48
320209048 51 30
320209051 30 18
320209052
320209053 0 18
320209054
320210001 101 79
320210009 57 42
320210010 59 28
320210015 42 40
320210018 47 20
320210021 54 21
320210022 83 8
320210027 5
320210037 44 58
320210047 108 46
320211003 14 13
320211010 53 35
320211016 90 33
320211020 78 41
320211023 38 26
320211027 38 16