202301104             0
202301105             9
202301106            34
260203038            78
270102017            63
270104057            71
270202073            0
270211007            10
270211020            14
270211027             0
270302081            32
280102021            42
280102033            11
280104032            43
280104043            57
280105026             4
280105039            37
280202064            24
280209024            65
280209033            26
280210013            43
280211051            12
280302019             0
280302020            32
280302022            31
280302052             2
290102025   21
290102026   43
290102029   34
290102038   56
290102047    0
290102048   31
290102049    8
290102056   75
290102059   22
290104029   51
290104036   72
290104069   56
290105020   42
290105027    4
290105029   58
290105034   61
290105035   29
290105037   41
290201007   89
290202070   14
290203041   69
290203048   77
290203051   44
290203093   41
290203095   97
290204027   15
290204066   45
290204071   65
290204079   62
290205007   19
290205014   36
290205023   49
290205030   39
290205038   49
290205044    8
290205046   66
290205048   38
290205055   14
290205061   31
290205062   50
290206037   58
290206058   50
290206061   24
290208007   65
290208020   69
290209012   49
290209013   37
290209023   66
290209036   55
290210030   50
290210037   84
290210039   45
290210056   11
290211007   62
290211016    0
290211018   67
290211020   29
290211028   26
290211031   54
290211034   10
290211035   42
290211036   47
290211038   66
290211043   31
290211046    5
290211050   26
290302007    8
300102007   46
300102015   14
300102017    8
300102025   74
300102026   47
300102028   41
300102031    4
300102032   18
300102033    1
300102035   55
300102036   75
300102038   62
300102039   22
300102040   74
300102045    0
300102047   18
300102051   40
300102052    6
300102056   33
300102059    0
300102060    0
300102061    0
300102063    0
300102067   18
300104006   92
300104015   42
300104022   63
300104023   24
300104033   42
300104057   63
300105008   20
300105010   57
300105016   42
300105018   15
300105019   42
300105022   16
300105024   20
300105025   54
300105027   47
300105035   33
300105036   51
300105038   32
300105039   44
300105041    0
300201012   87
300201045   98
300201082    79
300201083   103
300201102   77
300201132    6
300202030   81
300202033   50
300202059   42
300202062   76
300202066    0
300202068    8
300202080   31
300203004   58
300203042   55
300203043   66
300203065   72
300203071    0
300203078   25
300203105   33
300204006   37
300204007   59
300204010   12
300204014   42
300204015   37
300204017   28
300204018   60
300204019   66
300204023   15
300204025   42
300204026   54
300204029   40
300204030   17
300204031   24
300204032   57
300204033   38
300204034   18
300204037   51
300204038   36
300204041   22
300204042    0
300204044    4
300204046   65
300204048   30
300204049    4
300204056   22
300204060   11
300204061   18
300204062    8
300204063   49
300204065   35
300204066   42
300204067   57
300204072   32
300204073   47
300204076   42
300204077   32
300204080   58
300204081   33
300204082    0
300205006   32
300205012   35
300205013   55
300205021   22
300205024   98
300205025   45
300205026   54
300205028   58
300205030   29
300205031   43
300205034   63
300205040   39
300205044   30
300205045   17
300205049   61
300205050   53
300205052   43
300205056   77
300205057   56
300205062    0
300205063   19
300206023   55
300206027   78
300206045   64
300206049   72
300206054   53
300206069   70
300206077   42
300206091   63
300208005   60
300208025   72
300208029   61
300208033   42
300208035   17
300208039   26
300208041    4
300208043   30
300208050   30
300208058   23
300208069   10
300209004   36
300209012   51
300209016   10
300209027   62
300209029   74
300209032   52
300209033   12
300209034   50
300209037   37
300209041   20
300209042   43
300210009   48
300210013   55
300210026   44
300210027   64
300210031   63
300210047   46
300210053   33
300211001   45
300211003   16
300211015   54
300211018   22
300211019   18
300211025   53
300211026   36
300211027   39
300211030   43
300211031   17
300211034   42
300211040   29
300211043   22
300211044   17
300211047   32
300211050   40
300302001    4
310102002    0
310102004   32
310102005   29
310102008   47
310102011   55
310102012    0
310102013   23
310102014   21
310102018   15
310102019   56
310102020   45
310102021   60
310102022   21
310102023   45
310102024   30
310102025    4
310102026   47
310102027   22
310102028   32
310102029   35
310102030   54
310102031   35
310102032   33
310102033   22
310102035   41
310102036   15
310102037   30
310102038   20
310102040   41
310102043   21
310102047    14
310102049     5
310102050    65
310102051    42
310104001    66
310104002    33
310104004    40
310104005   102
310104008   116
310104010    31
310104011    66
310104015    63
310104017    80
310104018    65
310104019    32
310104020    68
310104021    42
310104022    36
310104024    81
310104025    61
310104028    18
310104029    41
310104030    50
310104031   107
310104032    69
310104037   29
310104039   79
310104040   74
310104041   36
310104049   70
310104050   29
310104053   14
310104056   69
310104057   60
310105002   75
310105004   32
310105005   45
310105006   31
310105009   51
310105010   42
310105011   40
310105012   15
310105013   35
310105014   42
310105015   12
310105016    0
310105017   42
310105018   36
310105019   11
310105021   63
310105022   53
310105023   34
310105024   74
310105025    9
310105026   15
310105027    4
310105030   19
310105031    0
310105033   14
310105037    46
310201001   109
310201002    87
310201003    61
310201006    76
310201007    68
310201008    69
310201011    78
310201013   101
310201014   108
310201016   105
310201017   102
310201019    87
310201021   118
310201022    66
310201023    59
310201024    91
310201025   109
310201026    85
310201028   101
310201029    70
310201031    97
310201032    92
310201033    78
310201035    83
310201037    81
310201038    99
310201040   112
310201041    88
310201044   108
310201046    72
310201047    67
310201048   113
310201049    85
310201052    88
310201053    62
310201055    45
310201056    91
310201057    96
310201058   103
310201059    89
310201061    77
310201062    54
310201064    82
310201065    85
310201066    69
310201067    80
310201069    69
310201070    69
310201072    79
310201074    71
310201075    65
310201076    75
310201077    95
310201078    75
310201080    88
310201081    65
310201082    61
310201083    83
310201084    85
310201085    83
310201087    30
310201088    76
310201092   112
310201093    92
310201098   64
310201115   113
310201116    97
310201119    76
310202002    50
310202003    65
310202004    43
310202005    70
310202007    70
310202008    20
310202009    14
310202010    43
310202011    54
310202012    60
310202013   102
310202014    39
310202015    46
310202016    69
310202017    56
310202018    56
310202019    43
310202020    57
310202021    85
310202022    63
310202023    73
310202024    65
310202025    46
310202026    51
310202027    54
310202028   114
310202029    83
310202030    94
310202031    44
310202032   104
310202035    81
310202037    33
310202038    99
310202039    56
310202040    68
310202041    57
310202048     2
310202052    11
310203001   110
310203002   112
310203004   102
310203005    63
310203006    83
310203008    46
310203009    35
310203010    73
310203011    55
310203012    82
310203013    28
310203014    34
310203015    39
310203016    52
310203017    77
310203018    46
310203019    64
310203020    58
310203021   108
310203022    76
310203023    43
310203024    37
310203025   115
310203027    59
310203028    67
310203029    34
310203031    21
310203032   117
310203033    34
310203034    55
310203035    81
310203036    92
310203037    19
310203038    35
310203039    64
310203040    91
310203041    52
310203042    69
310203043    73
310203044    43
310203045    52
310203046    66
310203047    44
310203048    58
310203051    45
310203057   74
310203059    4
310203061   69
310203062   23
310203063   65
310203066   46
310204002   51
310204003   66
310204005   53
310204006   54
310204008   10
310204009   26
310204010   12
310204011   45
310204013   40
310204014   26
310204015   18
310204016   22
310204017   23
310204018   41
310204021   39
310204022   40
310204023   16
310204024    5
310204025   15
310204026   24
310204027   71
310204029   22
310204030   66
310204031    7
310204032   40
310204033   43
310204034   54
310204035    0
310204036   19
310204037   26
310204038   12
310204039   28
310204040   47
310204041   53
310204042    1
310204043   26
310204045   12
310204046   70
310204047    0
310204048    0
310204049   62
310204050   56
310204051   28
310204052   24
310204054    0
310204055    0
310204056    6
310205002   42
310205003   19
310205004   46
310205006   45
310205007   10
310205008   27
310205009   37
310205010   20
310205012    87
310205013    17
310205014    29
310205015    41
310205016    35
310205017    50
310205018    53
310205019    14
310205020    49
310205021    61
310205022    33
310205024    12
310205026    55
310205027    46
310205028    71
310205029    43
310205030    35
310205031    56
310205032    21
310205033    84
310205034    50
310205035    60
310205036    12
310205037    60
310205038    11
310205039    60
310205041    58
310205043    57
310206001    64
310206002    78
310206003    92
310206005    79
310206006   100
310206009    98
310206010    65
310206012    70
310206015    72
310206016    57
310206017    77
310206018    81
310206020    75
310206022    60
310206023    51
310206025    60
310206026    91
310206027    69
310206028    68
310206029     8
310206031    73
310206032    77
310206033   106
310206034    79
310206035   112
310206037    58
310206039    65
310206041    73
310206042    14
310206044   105
310206046    70
310206047    53
310206048    66
310206050    52
310206051    71
310206052    59
310206064   46
310208001   12
310208002    8
310208003   46
310208005   66
310208006   37
310208007   73
310208008   48
310208010   68
310208011   41
310208012   72
310208014    8
310208016   45
310208017   58
310208018   45
310208019   85
310208022   43
310208023    20
310208024    30
310208025    36
310208026    45
310208028    69
310208029    42
310208030    63
310208031    36
310208033    20
310208036   101
310208038    73
310208039    57
310208040    12
310208041    50
310209002   26
310209003   97
310209004   45
310209005   51
310209006   80
310209007   24
310209008   55
310209009   66
310209011   56
310209012   82
310209013   65
310209014   16
310209015   42
310209017   46
310209019   61
310209020   46
310209021   71
310209022   68
310209023   29
310209024   49
310209025   69
310209027   50
310209028   47
310209029   73
310209030   61
310209032   53
310209033   59
310209034   64
310209035   65
310209036   64
310209037   37
310209039   37
310209040   50
310209041   62
310209042    2
310209043   29
310209049    4
310210001   64
310210003   69
310210004   75
310210006   43
310210007   48
310210008   45
310210010    32
310210011   102
310210012    22
310210013    69
310210014    59
310210015    71
310210018   41
310210020   30
310210021   55
310210022   59
310210023   18
310210024   26
310210025   38
310210026   72
310210029   73
310210030   58
310210033   37
310210034   54
310210035   72
310210036   37
310210037   53
310210038   73
310210039   58
310210040   57
310210047   70
310210049   91
310211001   27
310211002   29
310211004   11
310211005   43
310211006   25
310211010   63
310211011   12
310211013   10
310211016   22
310211018   27
310211019   50
310211020   29
310211022   28
310211023   30
310211024    4
310211025   49
310211026    7
310211027   42
310211028    6
310211029   28
310211031   46
310211033   34
310211036   49
310211037   10
310211040    4
310211042   40
310211043   66
310211044   42
310211045    4
320102005   39
320102012   99
320102016   50
320102022   27
320102026   56
320102030   60
320102044   49
320102045   67
320104008   71
320104010   59
320104017   78
320104023    4
320104027   55
320104031   90
320104035   81
320104041   64
320104043   17
320104044   72
320105004   48
320105007   39
320105008   54
320105022   38
320105034    67
320105037    73
320201002   101
320201003   118
320201006    79
320201008   100
320201009    76
320201012    53
320201016    78
320201024    95
320201026   101
320201027   110
320201030   113
320201031    88
320201033   112
320201036   102
320201039    74
320201041    81
320201044   113
320201046    90
320201048   118
320201055   114
320201057    97
320201061    81
320201063    73
320201066    75
320201068   111
320201077    57
320201079    75
320201080   111
320201081   108
320201087   100
320201088    60
320201091    75
320201095    78
320201096    53
320201107   102
320201110    75
320201112   102
320202002   113
320202006   118
320202008    91
320202009    85
320202014    73
320202015    24
320202024    60
320202026    75
320202030    72
320202036    96
320202046   105
320202049    41
320202054    36
320202055    35
320202056    11
320203002    92
320203004    90
320203008    67
320203009   103
320203012    79
320203015   111
320203017    93
320203018    79
320203019    71
320203030    60
320203035   116
320203044    56
320203052    74
320203059    28
320203060    71
320203068     6
320203069    75
320203070   106
320204003    40
320204006    11
320204007    29
320204011    27
320204012    10
320204026    48
320204032    31
320204042     0
320204045    53
320204048   22
320204056   37
320204057   53
320204060   38
320205001   48
320205003   43
320205015   62
320205017   37
320205020   14
320205024   12
320205028   42
320205029   32
320205031   22
320205041   31
320205044    0
320205046    14
320206003    95
320206004    92
320206005    81
320206008   114
320206009    89
320206013    77
320206014   115
320206016    98
320206022   105
320206025    17
320206027   106
320206030    83
320206031    90
320206036    43
320206038    89
320206042    85
320206048    45
320206051    92
320206055    89
320206059   105
320206062    59
320206067     6
320206069   111
320206071    22
320208006    50
320208041    42
320208051    76
320209004   101
320209020    79
320209023             30
320209029             48
320209036             98
320209037             28
320209045             68
320209048             61
320209051             28
320210001            118
320210009             82
320210010             56
320210015             45
320210018             68
320210021             42
320210022             95
320210027             33
320210037             48
320210045             74
320210046             57
320211003             30
320211010             59
320211016             49
320211020             55
320211023             41
320211027             31
320211039              0