202301104      19
202301105      38
202301106      59
260102012     0
260203038      0
270102017      80
270104057      78
270105035     0
270202073      0
270204072      0
270209037       0
270211007      29
270211020      24
270211027       0
270302081      62
280102010       0
280102021       46
280102033       36
280104032       68
280104043      103
280104063       0
280104073      20
280105006       0
280105026      2
280105039      42
280105041      0
280202064      47
280202075      0
280204079       0
280206080      37
280209024      79
280209033      58
280209034      31
280209039       0
280210013      53
280210023       0
280211051      36
280302002      50
280302004       0
280302011       0
280302019      40
280302020      19
280302022       0
280302033      7
280302050      2
280302052      18
280302057       0
280302059      0
280302063    0  
280302069   0
290102020   0
290102023    0
290102025   34
290102026   69
290102029   77
290102038   74
290102039    0
290102047     0
290102048   61
290102049   40
290102051    0
290102055   11
290102056   65
290102059   69
290104029   65
290104036   97
290104069   35
290104072    0
290105007   21
290105015   67
290105017     0
290105020   70
290105027    0
290105028    0
290105029   82 
290105030   0
290105034   61
290105035   68
290105037   52
290105040   2
290201007   79
290202053    0
290202070   21
290203041   70
290203048   85
290203051   48
290203093   53
290203095   74
290204027   43
290204066   82
290204071   0
290204079   40
290205007   52
290205014   58
290205023   53
290205030   21
290205036    0
290205038   84
290205044   14
290205045    0
290205046   83
290205048   66
290205055     0
290205061   76
290205062   64
290206037   55
290206058   64
290206061   14
290208007   46
290208019     0
290208020   51
290209012   34
290209013    0
290209023   87
290209036   67
290209041   28
290210030   47
290210037   74
290210039   73
290210056   22
290211001    0
290211006   0
290211007   70
290211016    0
290211018   67
290211020   49
290211028   44
290211031   79
290211034   20
290211035   74
290211036   72
290211038   81
290211042   55
290211043   47
290211046   54
290211048   28
290211049   24
290211050   48
290302007   28
290302019     0
300102007   69
300102015   61
300102017    0
300102020    0
300102023    0
300102025   65
300102026   43
300102028   87
300102031    0 
300102032   29
300102033   34
300102035   70
300102036   72
300102038   76
300102039   37
300102040   86
300102043   32
300102045   0
300102047   31
300102051   65
300102052   17
300102056   37
300102059   38
300102060   9
300102061   44
300102063   2
300102066   0
300102067   15
300102077   6
300102082    0
300104006   75
300104015   71
300104019   82
300104022   70
300104023   53
300104033   80
300104057   55
300104061    0
300105004    0
300105008   39 
300105010   51
300105012    0
300105014    0
300105014   34 
300105016   77
300105018   54
300105019   45
300105020    0
300105021   9
300105022   37
300105024   36
300105025   74
300105027   74
300105035   32
300105036   63
300105037    0
300105038   34
300105039   91
300105041   2
300105045   0
300105046    0
300201012    97
300201045   118
300201078    99
300201082    84
300201083   103
300201086    0
300201095    0
300201102   70
300201132   38
300202013    0
300202022   26
300202025    0
300202030   58
300202033   90
300202059   73
300202062   54
300202066   31
300202068   15
300202080   55
300203004   97
300203042   83
300203043   95
300203068   81
300203069   6
300203071   49
300203078   73
300203085    0
300203105   65
300204006   67
300204007   50
300204010   19
300204014   49
300204015   71
300204017   54
300204018   60
300204019   92
300204022   48
300204023   39
300204025   35
300204026   62
300204029   42
300204030   42
300204031   59
300204032   84
300204033   50
300204034   55
300204037   62
300204038   48
300204041   50
300204042   58
300204044   34
300204046   90
300204047   30
300204048   50
300204049   22
300204053   24
300204055   58
300204056   49
300204060   18
300204061   54
300204062   4
300204063   67
300204065   40
300204066   16
300204067   68
300204072   63
300204073   55
300204076   74
300204077   36
300204080   78
300204081   60
300204082   40
300204086    0
300204101   76
300204103   52
300205006   70
300205012   98
300205013   59
300205021   44
300205024   63
300205025   68
300205026   56
300205028   67
300205030   32
300205031   54
300205034   49
300205040   61
300205044   35
300205045   38
300205049   97
300205050   61
300205052   81
300205056   66
300205057   67
300205062   4
300205063   27
300205076    0
300206023   74
300206027   85
300206045   54
300206049   89
300206054   85
300206069   87
300206076    0
300206077   71
300206091   89
300208005   64
300208019    0
300208025    74
300208029   105
300208033    68
300208035    60
300208039    0
300208041   24
300208043   99
300208045    0
300208048    0
300208050   35
300208053    0
300208058   35
300208069   0
300209004   29
300209012   85
300209016   36
300209027   85
300209029   77
300209032   85
300209033    0
300209034   45
300209037    0
300209041   55
300209042   51
300210009   58
300210013   77
300210026   74
300210027   81
300210031   71
300210047   69
300210053    0
300211001   46
300211003    0
300211004    0
300211015   54
300211018   33
300211019   34
300211024    0
300211025   55
300211026   46
300211027   60
300211030   63
300211031   29
300211032   27
300211034   71
300211040   41
300211041   33
300211042   5
300211043   53
300211044   14
300211047   36
300211050   88
300211054   36
300211065    0
300211067    0
300302001   11
310102002    0
310102004   59
310102005   65
310102008   86
310102011   69
310102012   25
310102013   74
310102014   52
310102015    0
310102017    0
310102018   76
310102019   58
310102020   83
310102021   79
310102022   44
310102023   59
310102024   70
310102025   23
310102026   46
310102027   4
310102028   57
310102029   55
310102030   68
310102031   21
310102032   88
310102033   60
310102034   22
310102035   71
310102036   22
310102037   55
310102038   83
310102039    0
310102040   65
310102043   38
310102045   44
310102047   25
310102049    0
310102050    88
310102051    44
310104001    83
310104002    35
310104004    58
310104005    95
310104008   110
310104010    80
310104011    99
310104015   110
310104017    72
310104018    84
310104019    65
310104020    53
310104021    58
310104022    38
310104024    63
310104025    57
310104028    51
310104029    65
310104030    91
310104031    73
310104032    71
310104033    15
310104037    97
310104039    55
310104040    57
310104041    89
310104049    83
310104050    9
310104053    61
310104056    95
310104057    73
310105002    71
310105004    59
310105005    82
310105006    43
310105007    0
310105009   72
310105010   28
310105011   92
310105012   16
310105013   71
310105014   73
310105015   31
310105016    0
310105017   57
310105018   55
310105019   45
310105021   60
310105022   52
310105023   55
310105024   34
310105025   38
310105026   33
310105027   10
310105028   50
310105030   29
310105031   16
310105033   10
310105034    0
310105035    3
310105037    47
310201001   113
310201002    68
310201003    37
310201006    88
310201007    84
310201008    82
310201011   104
310201013    90
310201014   111
310201016    88
310201017   104
310201019   109
310201021   105
310201022    75
310201023    77
310201024   113
310201025    89
310201026   101
310201028   115
310201029    96
310201031    97
310201032   108
310201033    72
310201035   102
310201037    88
310201038   118
310201040    82
310201041    87
310201044    81
310201046    76
310201047    75
310201048   104
310201049    85
310201052    81
310201053    86
310201055    37
310201056    83
310201057   117
310201058   120
310201059    68
310201061    98
310201062    42
310201064    60
310201065    94
310201066    56
310201067   116
310201069    64
310201070    76
310201072    82
310201074    90
310201075    87
310201076   112
310201077    67
310201078    93
310201080    82
310201081   115
310201082    55
310201083    81
310201084    86
310201085   112
310201087    43
310201088    93
310201092   104
310201093    98
310201097    0
310201098   94
310201104    0
310201115    88
310201116   100
310201119    58
310202002    73
310202003    72
310202004    48
310202005    68
310202007    82
310202008    60
310202009    67
310202010    89
310202011    69
310202012    72
310202013    66
310202014    95
310202015    69
310202016    50
310202017    65
310202018    79
310202019    48
310202020    91
310202021   112
310202022    98
310202023     0
310202024    81
310202025    56
310202026    30
310202027    88
310202028   105
310202029    71
310202030    86
310202031    27
310202032   103
310202035    85
310202037    70
310202038   105
310202039    55
310202040    97
310202041    86
310202048    28
310202052    22
310203001    86
310203002   106
310203004    85
310203005    65
310203006    70
310203008    37
310203009    64
310203010    75
310203011    75
310203012    99
310203013    56
310203014    63
310203015    63
310203016    56
310203017    77
310203018    65
310203019    57
310203020   100
310203021   117
310203022    90
310203023    87
310203024    16
310203025    97
310203027    77
310203028    79
310203029    51
310203031    66
310203032   103
310203033    48
310203034    72
310203035    98
310203036    94
310203037    25
310203038    77
310203039    71
310203040    72
310203041    81
310203042    46
310203043    30
310203044    64
310203045    70
310203046    82
310203047    19
310203048    77
310203051    60
310203052    26
310203057    83
310203058    1
310203059    20
310203061    83
310203062    35
310203063    99
310203066    55
310204002    74
310204003    43
310204005    42
310204006   82
310204008   29
310204009   46
310204010   21
310204011   48
310204012   41
310204013   60
310204014   34
310204015   35
310204016   35
310204017   53
310204018   72
310204021   63
310204022   41
310204023   39
310204024   24
310204025   30
310204026   40
310204027   77
310204028   2
310204029   30
310204030   88
310204031   38
310204032   33
310204033   64
310204034   66
310204035   0
310204036   35
310204037   29
310204038   73
310204039   46
310204040   30
310204041   75
310204042   23
310204043   34
310204044   21
310204045   12
310204046   76
310204047   9
310204048   30
310204049   78
310204050   59
310204051   58
310204052   45
310204054   29
310204055    0
310204056   36
310205002   80
310205003   37
310205004   49
310205006   43
310205007   18
310205008   52
310205009   37
310205010   58
310205011    0
310205012    88
310205013    62
310205014    54
310205015    57
310205016    63
310205017    49
310205018    50
310205019    23
310205020    73
310205021    92
310205022    56
310205024    25
310205026    91
310205027    66
310205028    57
310205029    67
310205030    54
310205031    84
310205032    48
310205033    78
310205034    66
310205035    56
310205036    13
310205037    24
310205038    47
310205039    61
310205041    32
310205043    85
310206001    88
310206002   109
310206003   114
310206005    77
310206006    93
310206009   107
310206010    90
310206012   113
310206015    95
310206016    64
310206017   118
310206018    95
310206020    66
310206022    70
310206023    57
310206025    75
310206026    88
310206027   108
310206028    78
310206029    30
310206031   118
310206032    81
310206033    85
310206034    58
310206035   104
310206037    80
310206039    39
310206041    88
310206042    28
310206044   116
310206046    87
310206047    47
310206048    52
310206050    41
310206051    50
310206052    93
310206063    0
310206064   57
310208001   48
310208002   37
310208003   85
310208005   95
310208006   79
310208007   89
310208008   51
310208010   51
310208011   37
310208012   67
310208014   38
310208016   52
310208017   55
310208018   31
310208019   90
310208022   70
310208023   44
310208024   77
310208025   47
310208026   43
310208028   76
310208029   67
310208030   84
310208031   72
310208033   66
310208036   64
310208038   87
310208039   74
310208040   24
310208041   82
310208048    0
310208049    0
310209002    58
310209003   100
310209004    93
310209005    26
310209006    59
310209007    60
310209008    42
310209009    92
310209011    85
310209012    90
310209013   100
310209014    63
310209015    78
310209016    88
310209017    57
310209019    75
310209020    74
310209021    94
310209022    26
310209023    31
310209024    75
310209025    51
310209026    0
310209027   49
310209028   96
310209029   43
310209030   51
310209031   24
310209032   54
310209033   35
310209034   68
310209035   84
310209036   65
310209037   82
310209038   31
310209039   59
310209040   93
310209041   92
310209042   37
310209043   3
310209048   0
310209049   43
310210001   76
310210003   69
310210004   65
310210006   18
310210007   36
310210008   61
310210009    0
310210010   58
310210011   78
310210012   21
310210013   19
310210014   46
310210015   97
310210017   59
310210018   66
310210020   76
310210021   68
310210022   89
310210023   36
310210024   31
310210025   52
310210026   61
310210029   84
310210030   51
310210033   62
310210034   65
310210035   95
310210036   55
310210037   46
310210038   63
310210039   67
310210040   51
310210043     0
310210047   101
310210048    53
310210049   119
310211001    20
310211002    64
310211003    39
310211004    39
310211005    36
310211006    42
310211009    17
310211010    67
310211011    37
310211012    20
310211013    53
310211016    39
310211017    0
310211018   61
310211019   69
310211020   58
310211021   29
310211022   30
310211023   70
310211024   33
310211025   59
310211026   37
310211027   53
310211028   43
310211029   30
310211031   29
310211032   82
310211033   65
310211036   61
310211037   21
310211040   26
310211041   33
310211042   28
310211043   56
310211044   67
310211045   15
320102005   76
320102012   94
320102016   69
320102022   36
320102026   62
320102030   67
320102044   53
320102045   68
320102046     0
320102047     0
320102048   0
320102049   0
320104008    86
320104010    87
320104011    50
320104017   107
320104023    36
320104027    79
320104031    55
320104035    89
320104041    82
320104043    40
320104044    73
320105004    71
320105007    66
320105008    74
320105022    66
320105023    14
320105034    53
320105037    79
320201002    99
320201003   116
320201006    94
320201008   120
320201009    94
320201012    84
320201016   112
320201024    83
320201026    84
320201027   109
320201030   105
320201031    84
320201033    74
320201036   119
320201039    83
320201041    44
320201044    97
320201046    99
320201048   113
320201055   114
320201057   101
320201061    95
320201063    74
320201066    98
320201068   112
320201077    89
320201079    74
320201080   118
320201081   119
320201087   108
320201088    61
320201091   100
320201095    99
320201096    47
320201107   118
320201110    93
320201112    84
320202002    92
320202006   120
320202008    82
320202009    97
320202014    61
320202015    88
320202024    71
320202026    68
320202030    95
320202036    58
320202046   110
320202049    45
320202054    26
320202055    63
320202056   59
320202057    0
320203002   91
320203004   82
320203008   93
320203009   88
320203012   64
320203015   81
320203017   90
320203018   95
320203019   75
320203030   52
320203035   96
320203044   91
320203052   73
320203059   41
320203060   44
320203068   35
320203069   27
320203070   72
320204003   64
320204006   35
320204007   77
320204011   58
320204012   29
320204026   61
320204032   78
320204042   20
320204045   83
320204048   18
320204056   28
320204057   64
320204060   42
320204061    0
320205001   74
320205003   44
320205015   89
320205017   68
320205020   44
320205024   31
320205028   60
320205029   60
320205031   47
320205041   56
320205044   34
320205045    0
320205046    39
320206003   110
320206004    85
320206005   111
320206008    95
320206009   113
320206013    94
320206014    89
320206016    91
320206022    91
320206025   101
320206027    98
320206030    73
320206031    99
320206036    72
320206038    60
320206042    73
320206048    73
320206051   100
320206055   117
320206059   119
320206062    45
320206067    33
320206069   119
320206071    0
320208006   70
320208041   67
320208048   10
320208051   45
320209004   95
320209020   84
320209023   31
320209029   71
320209036   99
320209037   68
320209045   53
320209048   37
320209051   56
320209052    0
320210001   113
320210005    0
320210009   114
320210010    79
320210015    67
320210018    59
320210021    50
320210022   104
320210027    49
320210030    36
320210032    0
320210037   75
320210045   50
320210046      70
320211003      63
320211010      96
320211016      66
320211020      57
320211023      56
320211027      40
320211039     0